     1     1     1     1   5.972248604256166
     1     1     1     2  -0.616111976826190
     1     2     1     2   1.456405291519878
     1     1     2     2   0.103195706455954
     2     1     2     2  -0.028786238568765
     1     2     2     2  -0.028786238568765
     2     2     2     2   1.022547888790509
     1     1     1     3   0.756649685345779
     1     2     1     3   1.051801896978771
     1     3     1     3   1.101703056282122
     1     1     2     3  -0.052458903403517
     2     1     2     3   0.263108312053534
     1     2     2     3   0.001437527956006
     2     2     2     3   0.874404959332986
     1     3     2     3  -0.009198688556777
     2     3     2     3   0.880060411547189
     1     1     3     3   0.112422324540117
     2     1     3     3   0.204501742622361
     3     1     3     3   0.207379784965629
     1     2     3     3   0.204501742622361
     2     2     3     3   0.762525610654745
     3     2     3     3   0.771191255887152
     1     3     3     3   0.207379784965629
     2     3     3     3   0.771191255887152
     3     3     3     3   0.787362898752253
     1     4     1     4   1.417875409371986
     1     4     2     4  -0.019931485018194
     2     4     2     4   0.993757154976588
     1     4     3     4   0.261390735454105
     2     4     3     4   0.851561315776917
     3     4     3     4   0.858626111956661
     1     1     4     4   0.048056021534543
     2     1     4     4   0.048962746611211
     3     1     4     4   0.046519961443005
     1     2     4     4   0.048962746611211
     2     2     4     4   0.200487664088107
     3     2     4     4   0.183635035534149
     1     3     4     4   0.046519961443005
     2     3     4     4   0.183635035534149
     3     3     4     4   0.172534814643008
     4     4     4     4   1.041010627074157
     1     5     1     5   1.417875409371986
     1     5     2     5  -0.019931485018194
     2     5     2     5   0.993757154976588
     1     5     3     5   0.261390735454105
     2     5     3     5   0.851561315776917
     3     5     3     5   0.858626111956661
     4     5     4     5   0.937659580122453
     1     1     5     5   0.048056021534543
     2     1     5     5   0.048962746611211
     3     1     5     5   0.046519961443005
     1     2     5     5   0.048962746611211
     2     2     5     5   0.200487664088107
     3     2     5     5   0.183635035534149
     1     3     5     5   0.046519961443005
     2     3     5     5   0.183635035534149
     3     3     5     5   0.172534814643008
     4     4     5     5   0.051675523475852
     5     5     5     5   1.041010627074157
     1     6     1     6   1.417875409371986
     1     6     2     6  -0.019931485018194
     2     6     2     6   0.993757154976588
     1     6     3     6   0.261390735454105
     2     6     3     6   0.851561315776917
     3     6     3     6   0.858626111956661
     4     6     4     6   0.937659580122453
     5     6     5     6   0.937659580122453
     1     1     6     6   0.048056021534543
     2     1     6     6   0.048962746611211
     3     1     6     6   0.046519961443005
     1     2     6     6   0.048962746611211
     2     2     6     6   0.200487664088107
     3     2     6     6   0.183635035534149
     1     3     6     6   0.046519961443005
     2     3     6     6   0.183635035534149
     3     3     6     6   0.172534814643008
     4     4     6     6   0.051675523475852
     5     5     6     6   0.051675523475852
     6     6     6     6   1.041010627074157
     1     4     1     7   0.725401054325974
     1     7     1     7   0.698845509918720
     1     4     2     7  -0.002660542900772
     2     4     2     7   0.625708854641221
     1     7     2     7  -0.000454777820478
     2     7     2     7   0.660942053928079
     1     4     3     7   0.138811334887742
     2     4     3     7   0.555583240527126
     3     4     3     7   0.572056607195559
     1     7     3     7   0.135217456898940
     2     7     3     7   0.599785748604256
     3     7     3     7   0.628471238785735
     1     1     4     7   0.006030454267299
     2     1     4     7   0.008983249285230
     3     1     4     7   0.008160674014850
     1     2     4     7   0.021952847754764
     2     2     4     7   0.123821979298875
     3     2     4     7   0.119722194771803
     1     3     4     7   0.021555856615321
     2     3     4     7   0.133046103856123
     3     3     4     7   0.132043123601160
     4     4     4     7   0.652612441672222
     4     7     4     7   0.687783535809220
     5     4     5     7   0.590393824194025
     4     5     5     7   0.031109308739099
     5     7     5     7   0.628854820145991
     6     4     6     7   0.590393824194025
     4     6     6     7   0.031109308739099
     6     7     6     7   0.628854820145991
     1     1     7     7   0.000832583663108
     2     1     7     7   0.004278192827375
     3     1     7     7   0.004231279990931
     1     2     7     7   0.004278192827375
     2     2     7     7   0.088912594699706
     3     2     7     7   0.101542120464716
     1     3     7     7   0.004231279990931
     2     3     7     7   0.101542120464716
     3     3     7     7   0.119146429828466
     4     4     7     7   0.454482776173512
     7     4     7     7   0.512200849392416
     5     5     7     7   0.024739900052574
     6     6     7     7   0.024739900052574
     4     7     7     7   0.512200849392416
     7     7     7     7   0.605467607405097
     1     5     1     8   0.725401054325974
     1     8     1     8   0.698845509918720
     1     5     2     8  -0.002660542900772
     2     5     2     8   0.625708854641221
     1     8     2     8  -0.000454777820478
     2     8     2     8   0.660942053928079
     1     5     3     8   0.138811334887742
     2     5     3     8   0.555583240527126
     3     5     3     8   0.572056607195559
     1     8     3     8   0.135217456898940
     2     8     3     8   0.599785748604256
     3     8     3     8   0.628471238785735
     4     5     4     8   0.590393824194025
     4     8     4     8   0.628854820145991
     1     1     5     8   0.006030454267299
     2     1     5     8   0.008983249285230
     3     1     5     8   0.008160674014850
     1     2     5     8   0.021952847754764
     2     2     5     8   0.123821979298875
     3     2     5     8   0.119722194771803
     1     3     5     8   0.021555856615321
     2     3     5     8   0.133046103856123
     3     3     5     8   0.132043123601160
     4     4     5     8   0.031109308739099
     5     5     5     8   0.652612441672222
     4     7     5     8   0.029464357831614
     5     8     5     8   0.687783535809220
     6     5     6     8   0.590393824194025
     5     6     6     8   0.031109308739099
     6     8     6     8   0.628854820145991
     5     4     7     8   0.024739900052574
     4     5     7     8   0.405002976068364
     7     5     7     8   0.455333963514831
     5     7     7     8   0.028433442938793
     4     8     7     8   0.455333963514831
     7     8     7     8   0.531328716702432
     1     1     8     8   0.000832583663108
     2     1     8     8   0.004278192827375
     3     1     8     8   0.004231279990931
     1     2     8     8   0.004278192827375
     2     2     8     8   0.088912594699706
     3     2     8     8   0.101542120464716
     1     3     8     8   0.004231279990931
     2     3     8     8   0.101542120464716
     3     3     8     8   0.119146429828466
     4     4     8     8   0.024739900052574
     7     4     8     8   0.028433442938793
     5     5     8     8   0.454482776173512
     8     5     8     8   0.512200849392416
     6     6     8     8   0.024739900052574
     4     7     8     8   0.028433442938793
     7     7     8     8   0.037069445351332
     5     8     8     8   0.512200849392416
     8     8     8     8   0.605467607405097
     1     6     1     9   0.725401054325974
     1     9     1     9   0.698845509918720
     1     6     2     9  -0.002660542900772
     2     6     2     9   0.625708854641221
     1     9     2     9  -0.000454777820478
     2     9     2     9   0.660942053928079
     1     6     3     9   0.138811334887742
     2     6     3     9   0.555583240527126
     3     6     3     9   0.572056607195559
     1     9     3     9   0.135217456898940
     2     9     3     9   0.599785748604256
     3     9     3     9   0.628471238785735
     4     6     4     9   0.590393824194025
     4     9     4     9   0.628854820145991
     5     6     5     9   0.590393824194025
     5     9     5     9   0.628854820145991
     1     1     6     9   0.006030454267299
     2     1     6     9   0.008983249285230
     3     1     6     9   0.008160674014850
     1     2     6     9   0.021952847754764
     2     2     6     9   0.123821979298875
     3     2     6     9   0.119722194771803
     1     3     6     9   0.021555856615321
     2     3     6     9   0.133046103856123
     3     3     6     9   0.132043123601160
     4     4     6     9   0.031109308739099
     5     5     6     9   0.031109308739099
     6     6     6     9   0.652612441672222
     4     7     6     9   0.029464357831614
     5     8     6     9   0.029464357831614
     6     9     6     9   0.687783535809220
     6     4     7     9   0.024739900052574
     4     6     7     9   0.405002976068364
     7     6     7     9   0.455333963514831
     6     7     7     9   0.028433442938793
     4     9     7     9   0.455333963514831
     7     9     7     9   0.531328716702432
     6     5     8     9   0.024739900052574
     5     6     8     9   0.405002976068364
     8     6     8     9   0.455333963514831
     6     8     8     9   0.028433442938793
     5     9     8     9   0.455333963514831
     8     9     8     9   0.531328716702432
     1     1     9     9   0.000832583663108
     2     1     9     9   0.004278192827375
     3     1     9     9   0.004231279990931
     1     2     9     9   0.004278192827375
     2     2     9     9   0.088912594699706
     3     2     9     9   0.101542120464716
     1     3     9     9   0.004231279990931
     2     3     9     9   0.101542120464716
     3     3     9     9   0.119146429828466
     4     4     9     9   0.024739900052574
     7     4     9     9   0.028433442938793
     5     5     9     9   0.024739900052574
     8     5     9     9   0.028433442938793
     6     6     9     9   0.454482776173512
     9     6     9     9   0.512200849392416
     4     7     9     9   0.028433442938793
     7     7     9     9   0.037069445351332
     5     8     9     9   0.028433442938793
     8     8     9     9   0.037069445351332
     6     9     9     9   0.512200849392416
     9     9     9     9   0.605467607405097
     1     1     1    10   0.222364420616861
     1     2     1    10   0.904355642954428
     1     3     1    10   0.787020836481472
     1    10     1    10   1.262223938072676
     1     1     2    10  -0.007865672203575
     2     1     2    10   0.107794870790071
     1     2     2    10  -0.003037230068318
     2     2     2    10   0.721453901209458
     1     3     2    10  -0.003455370467398
     2     3     2    10   0.635470832279805
     1    10     2    10  -0.003722079839754
     2    10     2    10   1.028820905569197
     1     1     3    10   0.037880787674863
     2     1     3    10   0.087500189450704
     3     1     3    10   0.087031320607929
     1     2     3    10   0.173057473402698
     2     2     3    10   0.622483312979042
     3     2     3    10   0.624201274105399
     1     3     3    10   0.150128223673175
     2     3     3    10   0.551364403855889
     3     3     3    10   0.555728225926339
     1    10     3    10   0.241955517099047
     2    10     3    10   0.889743853882110
     3    10     3    10   0.892619213293887
     4     1     4    10   0.113697269458326
     4     2     4    10   0.754198303303766
     4     3     4    10   0.663937009351861
     1     4     4    10   0.063091309178885
     2     4     4    10   0.265405588075282
     3     4     4    10   0.242532091975341
     1     7     4    10   0.028141466112762
     2     7     4    10   0.155307800367553
     3     7     4    10   0.146905433714392
     4    10     4    10   1.108002678819150
     5     1     5    10   0.103813699668638
     5     2     5    10   0.672377584209632
     5     3     5    10   0.592895349709254
     1     5     5    10   0.021030436392962
     2     5     5    10   0.088468529358427
     3     5     5    10   0.080844030658447
     1     8     5    10   0.009380488704254
     2     8     5    10   0.051769266789184
     3     8     5    10   0.048968477904797
     5    10     5    10   0.939671149517210
     6     1     6    10   0.103813699668638
     6     2     6    10   0.672377584209632
     6     3     6    10   0.592895349709254
     1     6     6    10   0.021030436392962
     2     6     6    10   0.088468529358427
     3     6     6    10   0.080844030658447
     1     9     6    10   0.009380488704254
     2     9     6    10   0.051769266789184
     3     9     6    10   0.048968477904797
     6    10     6    10   0.939671149517210
     4     1     7    10   0.061580724122557
     7     1     7    10   0.059844794066097
     4     2     7    10   0.477732985226832
     7     2     7    10   0.498486488294623
     4     3     7    10   0.428546370000855
     7     3     7    10   0.453035854160173
     1     4     7    10   0.011569340507097
     2     4     7    10   0.163506187023174
     3     4     7    10   0.173817675637085
     1     7     7    10   0.005510216120199
     2     7     7    10   0.106068669732748
     3     7     7    10   0.117290484580176
     4    10     7    10   0.706144489363854
     7    10     7    10   0.734190547383481
     5     1     8    10   0.057923840246570
     8     1     8    10   0.057574272840149
     5     2     8    10   0.427935540112523
     8     2     8    10   0.454100964157729
     5     3     8    10   0.382745848769007
     8     3     8    10   0.410130758982487
     1     5     8    10   0.003856446835699
     2     5     8    10   0.054502062341058
     3     5     8    10   0.057939225212362
     1     8     8    10   0.001836738706733
     2     8     8    10   0.035356223244249
     3     8     8    10   0.039096828193392
     5    10     8    10   0.601830185415653
     8    10     8    10   0.641387118680085
     6     1     9    10   0.057923840246570
     9     1     9    10   0.057574272840149
     6     2     9    10   0.427935540112523
     9     2     9    10   0.454100964157729
     6     3     9    10   0.382745848769007
     9     3     9    10   0.410130758982487
     1     6     9    10   0.003856446835699
     2     6     9    10   0.054502062341058
     3     6     9    10   0.057939225212362
     1     9     9    10   0.001836738706733
     2     9     9    10   0.035356223244249
     3     9     9    10   0.039096828193392
     6    10     9    10   0.601830185415653
     9    10     9    10   0.641387118680085
     1     1    10    10   0.015399702064271
     2     1    10    10   0.077833602945324
     3     1    10    10   0.067166935778398
    10     1    10    10   0.111446384581826
     1     2    10    10   0.077833602945324
     2     2    10    10   0.560991503224801
     3     2    10    10   0.493688931556147
    10     2    10    10   0.833448806511403
     1     3    10    10   0.067166935778398
     2     3    10    10   0.493688931556147
     3     3    10    10   0.436463516767218
    10     3    10    10   0.734072117875710
     4     4    10    10   0.373619111845991
     7     4    10    10   0.219494268587461
     5     5    10    10   0.051340610583972
     8     5    10    10   0.030153428149141
     6     6    10    10   0.051340610583972
     9     6    10    10   0.030153428149141
     4     7    10    10   0.219494268587461
     7     7    10    10   0.139363188899358
     5     8    10    10   0.030153428149141
     8     8    10    10   0.019308205869458
     6     9    10    10   0.030153428149141
     9     9    10    10   0.019308205869458
     1    10    10    10   0.111446384581826
     2    10    10    10   0.833448806511403
     3    10    10    10   0.734072117875710
    10    10    10    10   1.267883881827356
     1    11     1    11   1.262223938072675
     1    11     2    11  -0.003722079839754
     2    11     2    11   1.028820905569198
     1    11     3    11   0.241955517099047
     2    11     3    11   0.889743853882110
     3    11     3    11   0.892619213293888
     1     5     4    11   0.036425784337955
     2     5     4    11   0.153231987719695
     3     5     4    11   0.140025968589086
     1     8     4    11   0.016247483035594
     2     8     4    11   0.089667000349456
     3     8     4    11   0.084815891700423
     4    11     4    11   1.023836914168180
     4     1     5    11   0.008559422517946
     4     2     5    11   0.070858821291431
     4     3     5    11   0.061523881977506
     1     4     5    11   0.036425784337955
     2     4     5    11   0.153231987719695
     3     4     5    11   0.140025968589086
     1     7     5    11   0.016247483035594
     2     7     5    11   0.089667000349456
     3     7     5    11   0.084815891700423
     4    10     5    11   0.072889690316682
     5    11     5    11   1.023836914168180
     6    11     6    11   0.939671149517210
     5     1     7    11   0.003166954335295
     5     2     7    11   0.043125852512553
     5     3     7    11   0.039664414893349
     1     5     7    11   0.006679561856119
     2     5     7    11   0.094400341091999
     3     5     7    11   0.100353681818986
     1     8     7    11   0.003181324760290
     2     8     7    11   0.061238775022788
     3     8     7    11   0.067717692845747
     5    10     7    11   0.045169418598617
     4    11     7    11   0.653987337389753
     7    11     7    11   0.687788833031783
     4     1     8    11   0.003166954335295
     7     1     8    11   0.001966329061502
     4     2     8    11   0.043125852512553
     7     2     8    11   0.038438991462838
     4     3     8    11   0.039664414893349
     7     3     8    11   0.037156902375665
     1     4     8    11   0.006679561856119
     2     4     8    11   0.094400341091999
     3     4     8    11   0.100353681818986
     1     7     8    11   0.003181324760290
     2     7     8    11   0.061238775022788
     3     7     8    11   0.067717692845747
     4    10     8    11   0.045169418598617
     7    10     8    11   0.040185063407719
     5    11     8    11   0.653987337389753
     8    11     8    11   0.687788833031783
     6    11     9    11   0.601830185415653
     9    11     9    11   0.641387118680085
     5     4    10    11   0.088924546023047
     8     4    10    11   0.052227269576690
     4     5    10    11   0.190176823163436
     7     5    10    11   0.111746708216790
     5     7    10    11   0.052227269576690
     8     7    10    11   0.033442793568901
     4     8    10    11   0.111746708216790
     7     8    10    11   0.070527871585901
     1    11    10    11   0.105207755414803
     2    11    10    11   0.759916213646207
     3    11    10    11   0.670093841304231
    10    11    10    11   1.094683568159963
     1     1    11    11   0.002527816158337
     2     1    11    11   0.009740041890140
     3     1    11    11   0.007867881736265
    10     1    11    11   0.009357943750535
     1     2    11    11   0.009740041890140
     2     2    11    11   0.105146281890081
     3     2    11    11   0.091113721073439
    10     2    11    11   0.110298889297794
     1     3    11    11   0.007867881736265
     2     3    11    11   0.091113721073439
     3     3    11    11   0.080166768385816
    10     3    11    11   0.095967414857218
     4     4    11    11   0.154021831751915
     7     4    11    11   0.090460284447424
     5     5    11    11   0.154021831751915
     8     5    11    11   0.090460284447424
     6     6    11    11   0.022111595852439
     9     6    11    11   0.012971646188703
     4     7    11    11   0.090460284447424
     7     7    11    11   0.057924617608375
     5     8    11    11   0.090460284447424
     8     8    11    11   0.057924617608375
     6     9    11    11   0.012971646188703
     9     9    11    11   0.008602665981442
     1    10    11    11   0.009357943750535
     2    10    11    11   0.110298889297794
     3    10    11    11   0.095967414857218
    10    10    11    11   0.129900235250545
    11    11    11    11   1.141195161344302
     1    12     1    12   1.262223938072675
     1    12     2    12  -0.003722079839754
     2    12     2    12   1.028820905569198
     1    12     3    12   0.241955517099047
     2    12     3    12   0.889743853882110
     3    12     3    12   0.892619213293888
     1     6     4    12   0.036425784337955
     2     6     4    12   0.153231987719695
     3     6     4    12   0.140025968589086
     1     9     4    12   0.016247483035594
     2     9     4    12   0.089667000349456
     3     9     4    12   0.084815891700423
     4    12     4    12   1.023836914168180
     5    12     5    12   0.939671149517210
     4     1     6    12   0.008559422517946
     4     2     6    12   0.070858821291431
     4     3     6    12   0.061523881977506
     1     4     6    12   0.036425784337955
     2     4     6    12   0.153231987719695
     3     4     6    12   0.140025968589086
     1     7     6    12   0.016247483035594
     2     7     6    12   0.089667000349456
     3     7     6    12   0.084815891700423
     4    10     6    12   0.072889690316682
     5    11     6    12   0.042082882325485
     6    12     6    12   1.023836914168180
     6     1     7    12   0.003166954335295
     6     2     7    12   0.043125852512553
     6     3     7    12   0.039664414893349
     1     6     7    12   0.006679561856119
     2     6     7    12   0.094400341091999
     3     6     7    12   0.100353681818986
     1     9     7    12   0.003181324760290
     2     9     7    12   0.061238775022788
     3     9     7    12   0.067717692845747
     6    10     7    12   0.045169418598617
     4    12     7    12   0.653987337389753
     7    12     7    12   0.687788833031783
     6    11     8    12   0.026078575987050
     5    12     8    12   0.601830185415653
     8    12     8    12   0.641387118680085
     4     1     9    12   0.003166954335295
     7     1     9    12   0.001966329061502
     4     2     9    12   0.043125852512553
     7     2     9    12   0.038438991462838
     4     3     9    12   0.039664414893349
     7     3     9    12   0.037156902375665
     1     4     9    12   0.006679561856119
     2     4     9    12   0.094400341091999
     3     4     9    12   0.100353681818986
     1     7     9    12   0.003181324760290
     2     7     9    12   0.061238775022788
     3     7     9    12   0.067717692845747
     4    10     9    12   0.045169418598617
     7    10     9    12   0.040185063407719
     5    11     9    12   0.026078575987050
     8    11     9    12   0.023200857175849
     6    12     9    12   0.653987337389753
     9    12     9    12   0.687788833031783
     6     4    10    12   0.088924546023047
     9     4    10    12   0.052227269576690
     4     6    10    12   0.190176823163436
     7     6    10    12   0.111746708216790
     6     7    10    12   0.052227269576690
     9     7    10    12   0.033442793568901
     4     9    10    12   0.111746708216790
     7     9    10    12   0.070527871585901
     1    12    10    12   0.105207755414803
     2    12    10    12   0.759916213646207
     3    12    10    12   0.670093841304231
    10    12    10    12   1.094683568159963
     6     5    11    12   0.022111595852439
     9     5    11    12   0.012971646188703
     5     6    11    12   0.109798640047038
     8     6    11    12   0.064516992070018
     6     8    11    12   0.012971646188703
     9     8    11    12   0.008602665981442
     5     9    11    12   0.064516992070018
     8     9    11    12   0.040719285645491
    11    12    11    12   1.023587275721046
     1     1    12    12   0.002527816158337
     2     1    12    12   0.009740041890140
     3     1    12    12   0.007867881736265
    10     1    12    12   0.009357943750535
     1     2    12    12   0.009740041890140
     2     2    12    12   0.105146281890081
     3     2    12    12   0.091113721073439
    10     2    12    12   0.110298889297794
     1     3    12    12   0.007867881736265
     2     3    12    12   0.091113721073439
     3     3    12    12   0.080166768385816
    10     3    12    12   0.095967414857218
     4     4    12    12   0.154021831751915
     7     4    12    12   0.090460284447424
     5     5    12    12   0.022111595852439
     8     5    12    12   0.012971646188703
     6     6    12    12   0.154021831751915
     9     6    12    12   0.090460284447424
     4     7    12    12   0.090460284447424
     7     7    12    12   0.057924617608375
     5     8    12    12   0.012971646188703
     8     8    12    12   0.008602665981442
     6     9    12    12   0.090460284447424
     9     9    12    12   0.057924617608375
     1    10    12    12   0.009357943750535
     2    10    12    12   0.110298889297794
     3    10    12    12   0.095967414857218
    10    10    12    12   0.129900235250545
    11    11    12    12   0.058803942811628
    12    12    12    12   1.141195161344302
     1     1     1    13   0.222364420616861
     1     2     1    13   0.904355642954428
     1     3     1    13   0.787020836481472
     1    10     1    13   0.420741312690892
     1    13     1    13   1.262223938072676
     1     1     2    13  -0.007865672203575
     2     1     2    13   0.107794870790071
     1     2     2    13  -0.003037230068318
     2     2     2    13   0.721453901209458
     1     3     2    13  -0.003455370467398
     2     3     2    13   0.635470832279805
     1    10     2    13  -0.001240693279918
     2    10     2    13   0.342940301856399
     1    13     2    13  -0.003722079839754
     2    13     2    13   1.028820905569197
     1     1     3    13   0.037880787674863
     2     1     3    13   0.087500189450704
     3     1     3    13   0.087031320607929
     1     2     3    13   0.173057473402698
     2     2     3    13   0.622483312979042
     3     2     3    13   0.624201274105399
     1     3     3    13   0.150128223673175
     2     3     3    13   0.551364403855889
     3     3     3    13   0.555728225926339
     1    10     3    13   0.080651839033016
     2    10     3    13   0.296581284627370
     3    10     3    13   0.297539737764629
     1    13     3    13   0.241955517099047
     2    13     3    13   0.889743853882110
     3    13     3    13   0.892619213293887
     4     1     4    13   0.103813699668638
     4     2     4    13   0.672377584209632
     4     3     4    13   0.592895349709254
     1     4     4    13   0.021030436392962
     2     4     4    13   0.088468529358427
     3     4     4    13   0.080844030658447
     1     7     4    13   0.009380488704254
     2     7     4    13   0.051769266789184
     3     7     4    13   0.048968477904797
     4    10     4    13   0.341278971389393
     4    13     4    13   0.939671149517210
     5     1     5    13   0.113697269458326
     5     2     5    13   0.754198303303766
     5     3     5    13   0.663937009351861
     1     5     5    13   0.063091309178885
     2     5     5    13   0.265405588075282
     3     5     5    13   0.242532091975341
     1     8     5    13   0.028141466112762
     2     8     5    13   0.155307800367553
     3     8     5    13   0.146905433714392
     5    10     5    13   0.341278971389393
     4    11     5    13   0.072889690316682
     5    13     5    13   1.108002678819150
     6     1     6    13   0.103813699668638
     6     2     6    13   0.672377584209632
     6     3     6    13   0.592895349709254
     1     6     6    13   0.021030436392962
     2     6     6    13   0.088468529358427
     3     6     6    13   0.080844030658447
     1     9     6    13   0.009380488704254
     2     9     6    13   0.051769266789184
     3     9     6    13   0.048968477904797
     6    10     6    13   0.313223716505737
     4    12     6    13   0.024296563438894
     6    13     6    13   0.939671149517210
     4     1     7    13   0.057923840246570
     7     1     7    13   0.057574272840149
     4     2     7    13   0.427935540112523
     7     2     7    13   0.454100964157729
     4     3     7    13   0.382745848769007
     7     3     7    13   0.410130758982487
     1     4     7    13   0.003856446835699
     2     4     7    13   0.054502062341058
     3     4     7    13   0.057939225212362
     1     7     7    13   0.001836738706733
     2     7     7    13   0.035356223244249
     3     7     7    13   0.039096828193392
     4    10     7    13   0.217995779129918
     7    10     7    13   0.229262944343927
     5    11     7    13   0.045169418598617
     6    12     7    13   0.015056472866206
     4    13     7    13   0.601830185415653
     7    13     7    13   0.641387118680085
     5     1     8    13   0.061580724122557
     8     1     8    13   0.059844794066097
     5     2     8    13   0.477732985226832
     8     2     8    13   0.498486488294623
     5     3     8    13   0.428546370000855
     8     3     8    13   0.453035854160173
     1     5     8    13   0.011569340507097
     2     5     8    13   0.163506187023174
     3     5     8    13   0.173817675637085
     1     8     8    13   0.005510216120199
     2     8     8    13   0.106068669732748
     3     8     8    13   0.117290484580176
     5    10     8    13   0.217995779129918
     8    10     8    13   0.229262944343927
     4    11     8    13   0.045169418598617
     7    11     8    13   0.040185063407719
     5    13     8    13   0.706144489363854
     8    13     8    13   0.734190547383481
     6     1     9    13   0.057923840246570
     9     1     9    13   0.057574272840149
     6     2     9    13   0.427935540112523
     9     2     9    13   0.454100964157729
     6     3     9    13   0.382745848769007
     9     3     9    13   0.410130758982487
     1     6     9    13   0.003856446835699
     2     6     9    13   0.054502062341058
     3     6     9    13   0.057939225212362
     1     9     9    13   0.001836738706733
     2     9     9    13   0.035356223244249
     3     9     9    13   0.039096828193392
     6    10     9    13   0.200610061805218
     9    10     9    13   0.213795706226695
     4    12     9    13   0.015056472866206
     7    12     9    13   0.013395021135906
     6    13     9    13   0.601830185415653
     9    13     9    13   0.641387118680085
     1     1    10    13   0.013714491292046
     2     1    10    13   0.071340241685231
     3     1    10    13   0.061921681287554
    10     1    10    13   0.098969126247779
     1     2    10    13   0.071340241685231
     2     2    10    13   0.490893981964747
     3     2    10    13   0.432946450840521
    10     2    10    13   0.686383620781011
     1     3    10    13   0.061921681287554
     2     3    10    13   0.432946450840521
     3     3    10    13   0.383019004510007
    10     3    10    13   0.606115564732752
     4     4    10    13   0.109798640047038
     7     4    10    13   0.064516992070018
     5     5    10    13   0.109798640047038
     8     5    10    13   0.064516992070018
     6     6    10    13   0.036599546682346
     9     6    10    13   0.021505664023339
     4     7    10    13   0.064516992070018
     7     7    10    13   0.040719285645491
     5     8    10    13   0.064516992070018
     8     8    10    13   0.040719285645491
     6     9    10    13   0.021505664023339
     9     9    10    13   0.013573095215164
     1    10    10    13   0.035069251804934
     2    10    10    13   0.253305404548736
     3    10    10    13   0.223364613768077
    10    10    10    13   0.364894522719988
     1    13    10    13   0.098969126247779
     2    13    10    13   0.686383620781011
     3    13    10    13   0.606115564732752
    10    13    10    13   0.952490983282128
    11     1    11    13   0.105207755414803
    11     2    11    13   0.759916213646207
    11     3    11    13   0.670093841304231
     5     4    11    13   0.088924546023047
     8     4    11    13   0.052227269576690
     4     5    11    13   0.190176823163436
     7     5    11    13   0.111746708216790
     5     7    11    13   0.052227269576690
     8     7    11    13   0.033442793568901
     4     8    11    13   0.111746708216790
     7     8    11    13   0.070527871585901
    11    10    11    13   0.380398387114767
     1    11    11    13   0.009357943750535
     2    11    11    13   0.110298889297794
     3    11    11    13   0.095967414857218
    10    11    11    13   0.106644438658376
    11    13    11    13   1.094683568159963
    12     1    12    13   0.098969126247779
    12     2    12    13   0.686383620781011
    12     3    12    13   0.606115564732752
     6     4    12    13   0.063392274387812
     9     4    12    13   0.037248902738930
     4     6    12    13   0.063392274387812
     7     6    12    13   0.037248902738930
     6     7    12    13   0.037248902738930
     9     7    12    13   0.023509290528634
     4     9    12    13   0.037248902738930
     7     9    12    13   0.023509290528634
    12    10    12    13   0.341195758573682
     1    12    12    13   0.003119314583512
     2    12    12    13   0.036766296432598
     3    12    12    13   0.031989138285739
    10    12    12    13   0.035548146219459
    12    13    12    13   0.952490983282129
     1     1    13    13   0.015399702064271
     2     1    13    13   0.077833602945324
     3     1    13    13   0.067166935778398
    10     1    13    13   0.035069251804934
    13     1    13    13   0.111446384581826
     1     2    13    13   0.077833602945324
     2     2    13    13   0.560991503224801
     3     2    13    13   0.493688931556147
    10     2    13    13   0.253305404548736
    13     2    13    13   0.833448806511403
     1     3    13    13   0.067166935778398
     2     3    13    13   0.493688931556147
     3     3    13    13   0.436463516767218
    10     3    13    13   0.223364613768077
    13     3    13    13   0.734072117875710
     4     4    13    13   0.051340610583972
     7     4    13    13   0.030153428149141
     5     5    13    13   0.373619111845991
     8     5    13    13   0.219494268587461
     6     6    13    13   0.051340610583972
     9     6    13    13   0.030153428149141
     4     7    13    13   0.030153428149141
     7     7    13    13   0.019308205869458
     5     8    13    13   0.219494268587461
     8     8    13    13   0.139363188899358
     6     9    13    13   0.030153428149141
     9     9    13    13   0.019308205869458
     1    10    13    13   0.035069251804934
     2    10    13    13   0.253305404548736
     3    10    13    13   0.223364613768077
    10    10    13    13   0.126799462371589
    13    10    13    13   0.364894522719988
    11    11    13    13   0.129900235250545
    12    12    13    13   0.019601314270543
     1    13    13    13   0.111446384581826
     2    13    13    13   0.833448806511403
     3    13    13    13   0.734072117875710
    10    13    13    13   0.364894522719988
    13    13    13    13   1.267883881827356
     1    14     1    14   1.262223938072675
     1    14     2    14  -0.003722079839754
     2    14     2    14   1.028820905569198
     1    14     3    14   0.241955517099047
     2    14     3    14   0.889743853882110
     3    14     3    14   0.892619213293888
     4    14     4    14   0.939671149517210
     1     6     5    14   0.036425784337955
     2     6     5    14   0.153231987719695
     3     6     5    14   0.140025968589086
     1     9     5    14   0.016247483035594
     2     9     5    14   0.089667000349456
     3     9     5    14   0.084815891700423
     4    12     5    14   0.042082882325485
     5    14     5    14   1.023836914168180
     5     1     6    14   0.008559422517946
     5     2     6    14   0.070858821291431
     5     3     6    14   0.061523881977506
     1     5     6    14   0.036425784337955
     2     5     6    14   0.153231987719695
     3     5     6    14   0.140025968589086
     1     8     6    14   0.016247483035594
     2     8     6    14   0.089667000349456
     3     8     6    14   0.084815891700423
     5    10     6    14   0.024296563438894
     4    11     6    14   0.042082882325485
     5    13     6    14   0.072889690316682
     6    14     6    14   1.023836914168180
     6    11     7    14   0.026078575987050
     5    12     7    14   0.026078575987050
     4    14     7    14   0.601830185415653
     7    14     7    14   0.641387118680085
     6     1     8    14   0.003166954335295
     6     2     8    14   0.043125852512553
     6     3     8    14   0.039664414893349
     1     6     8    14   0.006679561856119
     2     6     8    14   0.094400341091999
     3     6     8    14   0.100353681818986
     1     9     8    14   0.003181324760290
     2     9     8    14   0.061238775022788
     3     9     8    14   0.067717692845747
     6    10     8    14   0.015056472866206
     4    12     8    14   0.026078575987050
     7    12     8    14   0.023200857175849
     6    13     8    14   0.045169418598617
     5    14     8    14   0.653987337389753
     8    14     8    14   0.687788833031783
     5     1     9    14   0.003166954335295
     8     1     9    14   0.001966329061502
     5     2     9    14   0.043125852512553
     8     2     9    14   0.038438991462838
     5     3     9    14   0.039664414893349
     8     3     9    14   0.037156902375665
     1     5     9    14   0.006679561856119
     2     5     9    14   0.094400341091999
     3     5     9    14   0.100353681818986
     1     8     9    14   0.003181324760290
     2     8     9    14   0.061238775022788
     3     8     9    14   0.067717692845747
     5    10     9    14   0.015056472866206
     8    10     9    14   0.013395021135906
     4    11     9    14   0.026078575987050
     7    11     9    14   0.023200857175849
     5    13     9    14   0.045169418598617
     8    13     9    14   0.040185063407719
     6    14     9    14   0.653987337389753
     9    14     9    14   0.687788833031783
     6     5    10    14   0.063392274387812
     9     5    10    14   0.037248902738930
     5     6    10    14   0.063392274387812
     8     6    10    14   0.037248902738930
     6     8    10    14   0.037248902738930
     9     8    10    14   0.023509290528634
     5     9    10    14   0.037248902738930
     8     9    10    14   0.023509290528634
     1    14    10    14   0.098969126247779
     2    14    10    14   0.686383620781011
     3    14    10    14   0.606115564732752
    10    14    10    14   0.952490983282129
     6     4    11    14   0.022111595852439
     9     4    11    14   0.012971646188703
     4     6    11    14   0.109798640047038
     7     6    11    14   0.064516992070018
     6     7    11    14   0.012971646188703
     9     7    11    14   0.008602665981442
     4     9    11    14   0.064516992070018
     7     9    11    14   0.040719285645491
     1    12    11    14   0.005402811343433
     2    12    11    14   0.063681093427398
     3    12    11    14   0.055406812801247
    10    12    11    14   0.061571195366990
    11    14    11    14   1.023587275721046
    11     1    12    14   0.005402811343433
    11     2    12    14   0.063681093427398
    11     3    12    14   0.055406812801247
     5     4    12    14   0.022111595852439
     8     4    12    14   0.012971646188703
     4     5    12    14   0.109798640047038
     7     5    12    14   0.064516992070018
     5     7    12    14   0.012971646188703
     8     7    12    14   0.008602665981442
     4     8    12    14   0.064516992070018
     7     8    12    14   0.040719285645491
    11    10    12    14   0.033950472211705
     1    11    12    14   0.005402811343433
     2    11    12    14   0.063681093427398
     3    11    12    14   0.055406812801247
    10    11    12    14   0.061571195366990
    11    13    12    14   0.061571195366990
    12    14    12    14   1.023587275721046
     6     5    13    14   0.088924546023047
     9     5    13    14   0.052227269576690
     5     6    13    14   0.190176823163436
     8     6    13    14   0.111746708216790
     6     8    13    14   0.052227269576690
     9     8    13    14   0.033442793568901
     5     9    13    14   0.111746708216790
     8     9    13    14   0.070527871585901
    12    11    13    14   0.033950472211705
    11    12    13    14   0.061571195366990
     1    14    13    14   0.105207755414803
     2    14    13    14   0.759916213646207
     3    14    13    14   0.670093841304231
    10    14    13    14   0.341195758573682
    13    14    13    14   1.094683568159963
     1     1    14    14   0.002527816158337
     2     1    14    14   0.009740041890140
     3     1    14    14   0.007867881736265
    10     1    14    14   0.003119314583512
    13     1    14    14   0.009357943750535
     1     2    14    14   0.009740041890140
     2     2    14    14   0.105146281890081
     3     2    14    14   0.091113721073439
    10     2    14    14   0.036766296432598
    13     2    14    14   0.110298889297794
     1     3    14    14   0.007867881736265
     2     3    14    14   0.091113721073439
     3     3    14    14   0.080166768385816
    10     3    14    14   0.031989138285739
    13     3    14    14   0.095967414857218
     4     4    14    14   0.022111595852439
     7     4    14    14   0.012971646188703
     5     5    14    14   0.154021831751915
     8     5    14    14   0.090460284447424
     6     6    14    14   0.154021831751915
     9     6    14    14   0.090460284447424
     4     7    14    14   0.012971646188703
     7     7    14    14   0.008602665981442
     5     8    14    14   0.090460284447424
     8     8    14    14   0.057924617608375
     6     9    14    14   0.090460284447424
     9     9    14    14   0.057924617608375
     1    10    14    14   0.003119314583512
     2    10    14    14   0.036766296432598
     3    10    14    14   0.031989138285739
    10    10    14    14   0.019601314270543
    13    10    14    14   0.035548146219459
    11    11    14    14   0.058803942811628
    12    12    14    14   0.058803942811628
     1    13    14    14   0.009357943750535
     2    13    14    14   0.110298889297794
     3    13    14    14   0.095967414857218
    10    13    14    14   0.035548146219459
    13    13    14    14   0.129900235250545
    14    14    14    14   1.141195161344302
     1     1     1    15   0.222364420616861
     1     2     1    15   0.904355642954428
     1     3     1    15   0.787020836481472
     1    10     1    15   0.420741312690892
     1    13     1    15   0.420741312690892
     1    15     1    15   1.262223938072676
     1     1     2    15  -0.007865672203575
     2     1     2    15   0.107794870790071
     1     2     2    15  -0.003037230068318
     2     2     2    15   0.721453901209458
     1     3     2    15  -0.003455370467398
     2     3     2    15   0.635470832279805
     1    10     2    15  -0.001240693279918
     2    10     2    15   0.342940301856399
     1    13     2    15  -0.001240693279918
     2    13     2    15   0.342940301856399
     1    15     2    15  -0.003722079839754
     2    15     2    15   1.028820905569197
     1     1     3    15   0.037880787674863
     2     1     3    15   0.087500189450704
     3     1     3    15   0.087031320607929
     1     2     3    15   0.173057473402698
     2     2     3    15   0.622483312979042
     3     2     3    15   0.624201274105399
     1     3     3    15   0.150128223673175
     2     3     3    15   0.551364403855889
     3     3     3    15   0.555728225926339
     1    10     3    15   0.080651839033016
     2    10     3    15   0.296581284627370
     3    10     3    15   0.297539737764629
     1    13     3    15   0.080651839033016
     2    13     3    15   0.296581284627370
     3    13     3    15   0.297539737764629
     1    15     3    15   0.241955517099047
     2    15     3    15   0.889743853882110
     3    15     3    15   0.892619213293887
     4     1     4    15   0.103813699668638
     4     2     4    15   0.672377584209632
     4     3     4    15   0.592895349709254
     1     4     4    15   0.021030436392962
     2     4     4    15   0.088468529358427
     3     4     4    15   0.080844030658447
     1     7     4    15   0.009380488704254
     2     7     4    15   0.051769266789184
     3     7     4    15   0.048968477904797
     4    10     4    15   0.341278971389393
     4    13     4    15   0.313223716505737
     4    15     4    15   0.939671149517210
     5     1     5    15   0.103813699668638
     5     2     5    15   0.672377584209632
     5     3     5    15   0.592895349709254
     1     5     5    15   0.021030436392962
     2     5     5    15   0.088468529358427
     3     5     5    15   0.080844030658447
     1     8     5    15   0.009380488704254
     2     8     5    15   0.051769266789184
     3     8     5    15   0.048968477904797
     5    10     5    15   0.313223716505737
     4    11     5    15   0.024296563438894
     5    13     5    15   0.341278971389393
     5    15     5    15   0.939671149517210
     6     1     6    15   0.113697269458326
     6     2     6    15   0.754198303303766
     6     3     6    15   0.663937009351861
     1     6     6    15   0.063091309178885
     2     6     6    15   0.265405588075282
     3     6     6    15   0.242532091975341
     1     9     6    15   0.028141466112762
     2     9     6    15   0.155307800367553
     3     9     6    15   0.146905433714392
     6    10     6    15   0.341278971389393
     4    12     6    15   0.072889690316682
     6    13     6    15   0.341278971389393
     5    14     6    15   0.072889690316682
     6    15     6    15   1.108002678819150
     4     1     7    15   0.057923840246570
     7     1     7    15   0.057574272840149
     4     2     7    15   0.427935540112523
     7     2     7    15   0.454100964157729
     4     3     7    15   0.382745848769007
     7     3     7    15   0.410130758982487
     1     4     7    15   0.003856446835699
     2     4     7    15   0.054502062341058
     3     4     7    15   0.057939225212362
     1     7     7    15   0.001836738706733
     2     7     7    15   0.035356223244249
     3     7     7    15   0.039096828193392
     4    10     7    15   0.217995779129918
     7    10     7    15   0.229262944343927
     5    11     7    15   0.015056472866206
     6    12     7    15   0.045169418598617
     4    13     7    15   0.200610061805218
     7    13     7    15   0.213795706226695
     4    15     7    15   0.601830185415653
     7    15     7    15   0.641387118680085
     5     1     8    15   0.057923840246570
     8     1     8    15   0.057574272840149
     5     2     8    15   0.427935540112523
     8     2     8    15   0.454100964157729
     5     3     8    15   0.382745848769007
     8     3     8    15   0.410130758982487
     1     5     8    15   0.003856446835699
     2     5     8    15   0.054502062341058
     3     5     8    15   0.057939225212362
     1     8     8    15   0.001836738706733
     2     8     8    15   0.035356223244249
     3     8     8    15   0.039096828193392
     5    10     8    15   0.200610061805218
     8    10     8    15   0.213795706226695
     4    11     8    15   0.015056472866206
     7    11     8    15   0.013395021135906
     5    13     8    15   0.217995779129918
     8    13     8    15   0.229262944343927
     6    14     8    15   0.045169418598617
     5    15     8    15   0.601830185415653
     8    15     8    15   0.641387118680085
     6     1     9    15   0.061580724122557
     9     1     9    15   0.059844794066097
     6     2     9    15   0.477732985226832
     9     2     9    15   0.498486488294623
     6     3     9    15   0.428546370000855
     9     3     9    15   0.453035854160173
     1     6     9    15   0.011569340507097
     2     6     9    15   0.163506187023174
     3     6     9    15   0.173817675637085
     1     9     9    15   0.005510216120199
     2     9     9    15   0.106068669732748
     3     9     9    15   0.117290484580176
     6    10     9    15   0.217995779129918
     9    10     9    15   0.229262944343927
     4    12     9    15   0.045169418598617
     7    12     9    15   0.040185063407719
     6    13     9    15   0.217995779129918
     9    13     9    15   0.229262944343927
     5    14     9    15   0.045169418598617
     8    14     9    15   0.040185063407719
     6    15     9    15   0.706144489363854
     9    15     9    15   0.734190547383481
     1     1    10    15   0.013714491292046
     2     1    10    15   0.071340241685231
     3     1    10    15   0.061921681287554
    10     1    10    15   0.098969126247779
     1     2    10    15   0.071340241685231
     2     2    10    15   0.490893981964747
     3     2    10    15   0.432946450840521
    10     2    10    15   0.686383620781011
     1     3    10    15   0.061921681287554
     2     3    10    15   0.432946450840521
     3     3    10    15   0.383019004510007
    10     3    10    15   0.606115564732752
     4     4    10    15   0.109798640047038
     7     4    10    15   0.064516992070018
     5     5    10    15   0.036599546682346
     8     5    10    15   0.021505664023339
     6     6    10    15   0.109798640047038
     9     6    10    15   0.064516992070018
     4     7    10    15   0.064516992070018
     7     7    10    15   0.040719285645491
     5     8    10    15   0.021505664023339
     8     8    10    15   0.013573095215164
     6     9    10    15   0.064516992070018
     9     9    10    15   0.040719285645491
     1    10    10    15   0.035069251804934
     2    10    10    15   0.253305404548736
     3    10    10    15   0.223364613768077
    10    10    10    15   0.364894522719988
     1    13    10    15   0.032989708749260
     2    13    10    15   0.228794540260337
     3    13    10    15   0.202038521577584
    10    13    10    15   0.317496994427376
     1    15    10    15   0.098969126247779
     2    15    10    15   0.686383620781011
     3    15    10    15   0.606115564732752
    10    15    10    15   0.952490983282128
    11     1    11    15   0.098969126247779
    11     2    11    15   0.686383620781011
    11     3    11    15   0.606115564732752
     5     4    11    15   0.063392274387812
     8     4    11    15   0.037248902738930
     4     5    11    15   0.063392274387812
     7     5    11    15   0.037248902738930
     5     7    11    15   0.037248902738930
     8     7    11    15   0.023509290528634
     4     8    11    15   0.037248902738930
     7     8    11    15   0.023509290528634
    11    10    11    15   0.341195758573682
     1    11    11    15   0.003119314583512
     2    11    11    15   0.036766296432598
     3    11    11    15   0.031989138285739
    10    11    11    15   0.035548146219459
    11    13    11    15   0.341195758573682
    11    15    11    15   0.952490983282129
    12     1    12    15   0.105207755414803
    12     2    12    15   0.759916213646207
    12     3    12    15   0.670093841304231
     6     4    12    15   0.088924546023047
     9     4    12    15   0.052227269576690
     4     6    12    15   0.190176823163436
     7     6    12    15   0.111746708216790
     6     7    12    15   0.052227269576690
     9     7    12    15   0.033442793568901
     4     9    12    15   0.111746708216790
     7     9    12    15   0.070527871585901
    12    10    12    15   0.380398387114767
     1    12    12    15   0.009357943750535
     2    12    12    15   0.110298889297794
     3    12    12    15   0.095967414857218
    10    12    12    15   0.106644438658376
    12    13    12    15   0.341195758573682
    11    14    12    15   0.061571195366990
    12    15    12    15   1.094683568159963
     1     1    13    15   0.013714491292046
     2     1    13    15   0.071340241685231
     3     1    13    15   0.061921681287554
    10     1    13    15   0.032989708749260
    13     1    13    15   0.098969126247779
     1     2    13    15   0.071340241685231
     2     2    13    15   0.490893981964747
     3     2    13    15   0.432946450840521
    10     2    13    15   0.228794540260337
    13     2    13    15   0.686383620781011
     1     3    13    15   0.061921681287554
     2     3    13    15   0.432946450840521
     3     3    13    15   0.383019004510007
    10     3    13    15   0.202038521577584
    13     3    13    15   0.606115564732752
     4     4    13    15   0.036599546682346
     7     4    13    15   0.021505664023339
     5     5    13    15   0.109798640047038
     8     5    13    15   0.064516992070018
     6     6    13    15   0.109798640047038
     9     6    13    15   0.064516992070018
     4     7    13    15   0.021505664023339
     7     7    13    15   0.013573095215164
     5     8    13    15   0.064516992070018
     8     8    13    15   0.040719285645491
     6     9    13    15   0.064516992070018
     9     9    13    15   0.040719285645491
     1    10    13    15   0.032989708749260
     2    10    13    15   0.228794540260337
     3    10    13    15   0.202038521577584
    10    10    13    15   0.113731919524561
    13    10    13    15   0.317496994427376
    11    11    13    15   0.035548146219459
    12    12    13    15   0.035548146219459
     1    13    13    15   0.035069251804934
     2    13    13    15   0.253305404548736
     3    13    13    15   0.223364613768077
    10    13    13    15   0.113731919524561
    13    13    13    15   0.364894522719988
     1    15    13    15   0.098969126247779
     2    15    13    15   0.686383620781011
     3    15    13    15   0.606115564732752
    10    15    13    15   0.317496994427376
    13    15    13    15   0.952490983282128
    14     1    14    15   0.105207755414803
    14     2    14    15   0.759916213646207
    14     3    14    15   0.670093841304231
     6     5    14    15   0.088924546023047
     9     5    14    15   0.052227269576690
     5     6    14    15   0.190176823163436
     8     6    14    15   0.111746708216790
     6     8    14    15   0.052227269576690
     9     8    14    15   0.033442793568901
     5     9    14    15   0.111746708216790
     8     9    14    15   0.070527871585901
    14    10    14    15   0.341195758573682
    12    11    14    15   0.033950472211705
    11    12    14    15   0.061571195366990
    14    13    14    15   0.380398387114767
     1    14    14    15   0.009357943750535
     2    14    14    15   0.110298889297794
     3    14    14    15   0.095967414857218
    10    14    14    15   0.035548146219459
    13    14    14    15   0.106644438658376
    14    15    14    15   1.094683568159963
     1     1    15    15   0.015399702064271
     2     1    15    15   0.077833602945324
     3     1    15    15   0.067166935778398
    10     1    15    15   0.035069251804934
    13     1    15    15   0.035069251804934
    15     1    15    15   0.111446384581826
     1     2    15    15   0.077833602945324
     2     2    15    15   0.560991503224801
     3     2    15    15   0.493688931556147
    10     2    15    15   0.253305404548736
    13     2    15    15   0.253305404548736
    15     2    15    15   0.833448806511403
     1     3    15    15   0.067166935778398
     2     3    15    15   0.493688931556147
     3     3    15    15   0.436463516767218
    10     3    15    15   0.223364613768077
    13     3    15    15   0.223364613768077
    15     3    15    15   0.734072117875710
     4     4    15    15   0.051340610583972
     7     4    15    15   0.030153428149141
     5     5    15    15   0.051340610583972
     8     5    15    15   0.030153428149141
     6     6    15    15   0.373619111845991
     9     6    15    15   0.219494268587461
     4     7    15    15   0.030153428149141
     7     7    15    15   0.019308205869458
     5     8    15    15   0.030153428149141
     8     8    15    15   0.019308205869458
     6     9    15    15   0.219494268587461
     9     9    15    15   0.139363188899358
     1    10    15    15   0.035069251804934
     2    10    15    15   0.253305404548736
     3    10    15    15   0.223364613768077
    10    10    15    15   0.126799462371589
    13    10    15    15   0.113731919524561
    15    10    15    15   0.364894522719988
    11    11    15    15   0.019601314270543
    12    12    15    15   0.129900235250545
     1    13    15    15   0.035069251804934
     2    13    15    15   0.253305404548736
     3    13    15    15   0.223364613768077
    10    13    15    15   0.113731919524561
    13    13    15    15   0.126799462371589
    15    13    15    15   0.364894522719988
    14    14    15    15   0.129900235250545
     1    15    15    15   0.111446384581826
     2    15    15    15   0.833448806511403
     3    15    15    15   0.734072117875710
    10    15    15    15   0.364894522719988
    13    15    15    15   0.364894522719988
    15    15    15    15   1.267883881827356
